4.000000000000000000e+00 -5.000000596046447754e-01
5.000000000000000000e+00 -3.736068725585937611e-01
6.000000000000000000e+00 -4.671293099721272601e-01
7.000000000000000000e+00 -4.078827585492815211e-01
8.000000000000000000e+00 -4.563868045806884766e-01
9.000000000000000000e+00 -4.219221803877089005e-01
1.000000000000000000e+01 -4.515444755554199330e-01
1.100000000000000000e+01 -4.289941787719726562e-01
1.200000000000000000e+01 -4.489493370056152344e-01
1.300000000000000000e+01 -4.330449837904710164e-01
1.400000000000000000e+01 -4.473964486803327367e-01
1.500000000000000000e+01 -4.355776468912760380e-01
1.600000000000000000e+01 -4.463934600353240967e-01
1.700000000000000000e+01 -4.372663497924804688e-01
1.800000000000000000e+01 -4.457082748413085938e-01
1.900000000000000000e+01 -4.384467978226511131e-01
2.000000000000000000e+01 -4.452196121215820090e-01
